125
128
131
225
228
325
328
425
525
528
600
725
728
825
828
925
1125
1200
1225
1325
1400
1425
1428
1431
1525
1600
1625
1700
1725
1731
1837
1900
1931
2000
2125
2200
2225
2228
2231
2237
2300
2425
2431
2434
2437
2525
2625
2631
2634
2637
2725
2825
2828
2831
2834
2837
2843
2925
2931
3100
3231
3234
3237
3243
3325
3425
3431
3434
3437
3443
3449
3525
3531
3625
3631
3637
3640
3643
3646
3649
3725
3728
3731
3825
3831
3834
3837
3840
3843
3925
3928
3931
4000
4025
4028
4031
4034
4037
4040
4043
4125
4128
4131
4200
4225
4231
4234
4237
4240
4243
4246
4249
4325
4425
4431
4434
4437
4440
4443
4446
4449
4452
4455
4525
4531
4625
4631
4634
4637
4640
4643
4649
4725
4731
4737
4800
4825
4831
4837
4840
4843
4846
4849
4853
4855
4900
4925
4931
5025
5031
5034
5037
5040
5043
5046
5049
5055
5058
5061
5064
5067
5125
5131
5134
5137
5140
5225
5231
5234
5237
5240
5243
5247
5249
5253
5255
5261
5325
5331
5334
5337
5349
5425
5431
5437
5440
5443
5446
5449
5452
5455
5458
5461
5525
5528
5531
5534
5537
5637
5640
5643
5646
5649
5655
5728
5731
5837
5840
5843
5846
5849
5925
5928
5931
6025
6028
6031
6034
6037
6040
6043
6049
6149
6152
6153
6155
6161
6225
6234
6237
6240
6243
6246
6249
6252
6255
6325
6328
6331
6334
6337
6340
6343
6425
6431
6434
6437
6440
6443
6449
6525
6528
6637
6640
6643
6646
6649
6725
6837
6840
7125
7128
7200
7225
7231
7234
7237
7240
7243
7328
7331
7400
7431
7434
7437
7443
7525
7531
7725
7731
7925
8231
8234
8237
8325
9034
9040
9131
9134
9137
9219
9222
9225
9228
9231
9234
9237
9343
9346
9349
9352
9428
9431
9434
9437
9440
9443
9446
9449
9452
9543
9546
9547
9549
9628
9631
9634
9637
9640
9643
9646
9649
9752
9852
9855
9858
9861
9864
9913
